Sun Sep  6 12:55:23 PM MDT 2026

COMMAND: cat /proc/interrupts
DESCRIPTION: Interrupt counts and IRQ information

            CPU0       CPU1       CPU2       CPU3       CPU4       CPU5       CPU6       CPU7       CPU8       CPU9       CPU10      CPU11      CPU12      CPU13      CPU14      CPU15      CPU16      CPU17      CPU18      CPU19      CPU20      CPU21      CPU22      CPU23      
   0:         46          0          0          0          0          0          0          0          0          0          0          0          0          0          0          0          0          0          0          0          0          0          0          0  IO-APIC    2-edge      timer
   8:          0          0          0          0          0          0          0          0          0          0          0          0          0          0          0          0          0          0          0          0          0          0          0          0  IO-APIC    8-edge      rtc0
   9:          0      70135          0          0          0          0          0          0          0          0          0          0          0          0          0          0          0          0          0          0          0          0          0          0  IO-APIC    9-fasteoi   acpi
  18:          0          0          0          0          0          0          0          0          0          0          0          0          0          0          0          8          0          0          0          0          0          0          0          0  IO-APIC   18-fasteoi   i801_smbus
  23:          0          0          0          0          0        696          0          0          0          0          0          0          0          0          0          0          0          0          0          0          0          0          0          0  IO-APIC   23-fasteoi   ehci_hcd:usb3
  27:          0          0          2          0          0          0          0          0          0          0          0          0          0          0          0          0          0          0          0          0          0          0          0          0 DMAR-MSI    0-edge      dmar0
  28:          0          0          0          0          0          0          0          0          0          0          0          0          0          0          0          0          0          0          0          0          0          0          0          0 PCI-MSI-0000:00:01.0    0-edge      aerdrv, pciehp, PCIe bwctrl
  29:          0          0          0          0          0          0          0          0          0          0          0          0          0          0          0          0          0          0          0          0          0          0          0          0 PCI-MSI-0000:00:02.0    0-edge      aerdrv, pciehp, PCIe bwctrl
  30:          0          0          0          0          0          0          0          0          0          0          0          0          0          0          0          0          0          0          0          0          0          0          0          0 PCI-MSI-0000:00:03.0    0-edge      aerdrv, pciehp, PCIe bwctrl
  31:          0          0          0          0          0          0          0          0          0          0          0          0          0          0          0          0          0          0          0          0          0          0          0          0 PCI-MSI-0000:00:11.0    0-edge      aerdrv
  32:          0          0          0          0          0          0          0          1          0          0          0          0          0          0          0          0          0          0          0          0          0          0          0          0 PCI-MSI-0000:11:01.0    0-edge      PCIe bwctrl
  34:          0          0          0          0          0          0          0          0          1          0          0          0          0          0          0          0          0          0          0          0          0          0          0          0 PCI-MSI-0000:11:02.0    0-edge      PCIe bwctrl
  35:          0          0          0          0          0          0          0          0          0          0          0          0          0          0          0          0          0          0          0          0          0          0          0          0 PCI-MSI-0000:11:08.0    0-edge      PCIe bwctrl
  36:          0          0          0          0          0          0          0          0          0          0          1          0          0          0          0          0          0          0          0          0          0          0          0          0 PCI-MSI-0000:11:09.0    0-edge      PCIe bwctrl
  37:          0          0          0          0          0          0          0          0          0          0          0          1          0          0          0          0          0          0          0          0          0          0          0          0 PCI-MSI-0000:11:0a.0    0-edge      PCIe bwctrl
  38:          0          0          0          0          0          0          0          0          0          0          0          0          0          0          0          0          0          0          0          0          0          0          0          0 PCI-MSI-0000:15:00.0    0-edge      pciehp
  39:          0          0          0          0          0          0          0          0          0          0          0          0          0          0          0          0          0          0          0          0          0          0          0          0 PCI-MSI-0000:15:03.0    0-edge      pciehp
  40:          0          0          0          0          0          0          0          0          0          0          0          0          0          0          0          0          0          0          0          0          0          0          0          0 PCI-MSI-0000:15:04.0    0-edge      pciehp
  42:          0          0          0          0          0          0          0          0          0          0          0          0          0          0          0          0          0          0          0          0          0          0          0          0 PCI-MSI-0000:15:05.0    0-edge      pciehp
  43:          0          0          0          0          0          0          0          0          0          0          0          0          0          0          0          0          0          0          0          0          0          0          0          0 PCI-MSI-0000:15:06.0    0-edge      pciehp
  44:          0          0          0          0          0          0          0          0          0          0          0          0          0          0          0          0          0          0          0          0          0          0          0          0 PCI-MSI-0000:5c:00.0    0-edge      pciehp
  45:          0          0          0          0          0          0          0          0          0          0          0          0          0          0          0          0          0          0          0          0          0          0          0          0 PCI-MSI-0000:5c:03.0    0-edge      pciehp
  46:          0          0          0          0          0          0          0          0          0          0          0          0          0          0          0          0          0          0          0          0          0          0          0          0 PCI-MSI-0000:5c:04.0    0-edge      pciehp
  47:          0          0          0          0          0          0          0          0          0          0          0          0          0          0          0          0          0          0          0          0          0          0          0          0 PCI-MSI-0000:5c:05.0    0-edge      pciehp
  48:          0          0          0          0          0          0          0          0          0          0          0          0          0          0          0          0          0          0          0          0          0          0          0          0 PCI-MSI-0000:5c:06.0    0-edge      pciehp
  49:          0          0          0          0          0          0          0          0          0          0          0          0          0          0          0          0          0          0          0          0          0          0          0          0 PCI-MSI-0000:a3:00.0    0-edge      pciehp
  50:          0          0          0          0          0          0          0          0          0          0          0          0          0          0          0          0          0          0          0          0          0          0          0          0 PCI-MSI-0000:a3:03.0    0-edge      pciehp
  51:          0          0          0          0          0          0          0          0          0          0          0          0          0          0          0          0          0          0          0          0          0          0          0          0 PCI-MSI-0000:a3:04.0    0-edge      pciehp
  52:          0          0          0          0          0          0          0          0          0          0          0          0          0          0          0          0          0          0          0          0          0          0          0          0 PCI-MSI-0000:a3:05.0    0-edge      pciehp
  53:          0          0          0          0          0          0          0          0          0          0          0          0          0          0          0          0          0          0          0          0          0          0          0          0 PCI-MSI-0000:a3:06.0    0-edge      pciehp
  54:          0          0          0      69695          0          0          0          0          0          0          0          0          0          0          0          0          0          0          0          0          0          0          0          0 PCI-MSIX-0000:12:00.0    0-edge      xhci_hcd
  62:          0          0          0          0          0          0        185          0          0          0          0          0          0          0          0          0          0          0          0          0          0          0          0          0 PCI-MSIX-0000:16:00.0    0-edge      thunderbolt
  63:          0          0          0          0          0          0          0        185          0          0          0          0          0          0          0          0          0          0          0          0          0          0          0          0 PCI-MSIX-0000:16:00.0    1-edge      thunderbolt
  78:          0          0          0          0          0          0          0          0          0          0       1245          0          0          0          0          0          0          0          0          0          0          0          0          0 PCI-MSIX-0000:0e:00.0    0-edge      nvme0q0
  79:          0          0          0          0          0          0          0          0        185          0          0          0          0          0          0          0          0          0          0          0          0          0          0          0 PCI-MSIX-0000:5d:00.0    0-edge      thunderbolt
  80:          0          0          0          0          0          0          0          0          0        185          0          0          0          0          0          0          0          0          0          0          0          0          0          0 PCI-MSIX-0000:5d:00.0    1-edge      thunderbolt
  95:          0          0          0          0          0          0          0          0          0          0          0        185          0          0          0          0          0          0          0          0          0          0          0          0 PCI-MSIX-0000:a4:00.0    0-edge      thunderbolt
  96:          0          0          0          0          0          0          0          0          0          0          0          0        185          0          0          0          0          0          0          0          0          0          0          0 PCI-MSIX-0000:a4:00.0    1-edge      thunderbolt
 111:          0          0      41843          0          0          0          0          0          0          0          0          0          0          0          0          0          0          0          0          0          0          0          0          0 PCI-MSIX-0000:0e:00.0    1-edge      nvme0q1
 112:          0          0          0      23199          0          0          0          0          0          0          0          0          0          0          0          0          0          0          0          0          0          0          0          0 PCI-MSIX-0000:0e:00.0    2-edge      nvme0q2
 113:          0          0          0          0          0          0      30863          0          0          0          0          0          0          0          0          0          0          0          0          0          0          0          0          0 PCI-MSIX-0000:0e:00.0    3-edge      nvme0q3
 114:          0          0          0          0          0          0          0      15035          0          0          0          0          0          0          0          0          0          0          0          0          0          0          0          0 PCI-MSIX-0000:0e:00.0    4-edge      nvme0q4
 115:          0          0          0          0          0          0          0          0      36090          0          0          0          0          0          0          0          0          0          0          0          0          0          0          0 PCI-MSIX-0000:0e:00.0    5-edge      nvme0q5
 116:          0          0          0          0          0          0          0          0          0      17719          0          0          0          0          0          0          0          0          0          0          0          0          0          0 PCI-MSIX-0000:0e:00.0    6-edge      nvme0q6
 117:          0          0          0          0          0          0          0          0          0          0      28529          0          0          0          0          0          0          0          0          0          0          0          0          0 PCI-MSIX-0000:0e:00.0    7-edge      nvme0q7
 118:          0          0          0          0          0          0          0          0          0          0          0      20147          0          0          0          0          0          0          0          0          0          0          0          0 PCI-MSIX-0000:0e:00.0    8-edge      nvme0q8
 119:          0          0          0          0          0          0          0          0          0          0          0          0      29321          0          0          0          0          0          0          0          0          0          0          0 PCI-MSIX-0000:0e:00.0    9-edge      nvme0q9
 120:          0          0          0          0          0          0          0          0          0          0          0          0          0      81674          0          0          0          0          0          0          0          0          0          0 PCI-MSIX-0000:0e:00.0   10-edge      nvme0q10
 121:          0          0          0          0          0          0          0          0          0          0          0          0          0          0      80903          0          0          0          0          0          0          0          0          0 PCI-MSIX-0000:0e:00.0   11-edge      nvme0q11
 122:          0          0          0          0          0          0          0          0          0          0          0          0          0          0          0      31581          0          0          0          0          0          0          0          0 PCI-MSIX-0000:0e:00.0   12-edge      nvme0q12
 123:          0          0          0          0          0          0          0          0          0          0          0          0          0          0          0          0      45179          0          0          0          0          0          0          0 PCI-MSIX-0000:0e:00.0   13-edge      nvme0q13
 124:          0          0          0          0          0          0          0          0          0          0          0          0          0          0          0          0          0      21479          0          0          0          0          0          0 PCI-MSIX-0000:0e:00.0   14-edge      nvme0q14
 125:          0          0          0          0          0          0          0          0          0          0          0          0          0          0          0          0          0          0      59316          0          0          0          0          0 PCI-MSIX-0000:0e:00.0   15-edge      nvme0q15
 126:          0          0          0          0          0          0          0          0          0          0          0          0          0          0          0          0          0          0          0      26999          0          0          0          0 PCI-MSIX-0000:0e:00.0   16-edge      nvme0q16
 127:          0          0          0          0          0          0          0          0          0          0          0          0          0          0          0          0          0          0          0          0      39572          0          0          0 PCI-MSIX-0000:0e:00.0   17-edge      nvme0q17
 128:          0          0          0          0          0          0          0          0          0          0          0          0          0          0          0          0          0          0          0          0          0      15537          0          0 PCI-MSIX-0000:0e:00.0   18-edge      nvme0q18
 129:          0          0          0          0          0          0          0          0          0          0          0          0          0          0          0          0          0          0          0          0          0          0      36273          0 PCI-MSIX-0000:0e:00.0   19-edge      nvme0q19
 130:          0          0          0          0          0          0          0          0          0          0          0          0          0          0          0          0          0          0          0          0          0          0          0      18579 PCI-MSIX-0000:0e:00.0   20-edge      nvme0q20
 131:          0          0          0          0      32482          0          0          0          0          0          0          0          0          0          0          0          0          0          0          0          0          0          0          0 PCI-MSIX-0000:0e:00.0   21-edge      nvme0q21
 132:          0          0          0          0          0      22551          0          0          0          0          0          0          0          0          0          0          0          0          0          0          0          0          0          0 PCI-MSIX-0000:0e:00.0   22-edge      nvme0q22
 133:      32036          0          0          0          0          0          0          0          0          0          0          0          0          0          0          0          0          0          0          0          0          0          0          0 PCI-MSIX-0000:0e:00.0   23-edge      nvme0q23
 134:          0      16782          0          0          0          0          0          0          0          0          0          0          0          0          0          0          0          0          0          0          0          0          0          0 PCI-MSIX-0000:0e:00.0   24-edge      nvme0q24
 136:          0          0          0          0          0          0          0          0          0          0          0          0          0          2          0          0          0          0          0          0          0          0          0          0 PCI-MSIX-0000:00:04.0    0-edge      ioat-msix
 138:          0          0          0          0          0          0          0          0          0          0          0          0          0          0          2          0          0          0          0          0          0          0          0          0 PCI-MSIX-0000:00:04.1    0-edge      ioat-msix
 139:          0          0          0          0          0          0          0          0          0          0          0          0          0          0          0          0         12          0          0          0          0          0          0          0 PCI-MSI-0000:00:16.0    0-edge      mei_me
 140:          0          0          0          0          0          0          0          0          0          0          0          0          0          0          0          0          0          2          0          0          0          0          0          0 PCI-MSIX-0000:00:04.2    0-edge      ioat-msix
 141:          0          0          0          0          0          0          0          0          0          0          0          0          0          0          0          0          0          0          2          0          0          0          0          0 PCI-MSIX-0000:00:04.3    0-edge      ioat-msix
 142:          0          0          0          0          0          0          0          0          0          0          0          0          0          0          0          0          0          0          0          2          0          0          0          0 PCI-MSIX-0000:00:04.4    0-edge      ioat-msix
 143:          0          0          0          0          0          0          0          0          0          0          0          0          0          0          0          0          0          0          0          0          2          0          0          0 PCI-MSIX-0000:00:04.5    0-edge      ioat-msix
 144:          0          0          0          0          0          0          0          0          0          0          0          0          0          0          0          0          0          0          0          0          0          2          0          0 PCI-MSIX-0000:00:04.6    0-edge      ioat-msix
 145:          0          0          0          0          0          0          0          0          0          0          0          0          0          0          0          0          0          0          0          0          0          0          2          0 PCI-MSIX-0000:00:04.7    0-edge      ioat-msix
 148:          0          0          0          0          0          0          0          0          0          0          0          0          0          0          0          0          0          0          0          0          0          0          0       1267 PCI-MSI-0000:02:00.1    0-edge      snd_hda_intel:card1
 149:     108646          0          0          0          0          0          0          0          0          0          0          0          0          0          0          0          0          0          0          0          0          0          0          0 PCI-MSI-0000:00:1b.0    0-edge      snd_hda_intel:card0
 150:          0       2554          0          0          0          0          0          0          0          0          0          0          0          0          0          0          0          0          0          0          0          0          0          0 PCI-MSI-0000:06:00.1    0-edge      snd_hda_intel:card2
 152:          0          0        132          0          0          0          0          0          0          0          0          0          0          0          0          0          0          0          0          0          0          0          0          0 PCI-MSI-0000:02:00.0    0-edge      amdgpu
 153:          0          0          0     676443          0          0          0          0          0          0          0          0          0          0          0          0          0          0          0          0          0          0          0          0 PCI-MSIX-0000:0b:00.0    0-edge      enp11s0-tx-0
 154:          0          0          0          0     696722          0          0          0          0          0          0          0          0          0          0          0          0          0          0          0          0          0          0          0 PCI-MSIX-0000:0b:00.0    1-edge      enp11s0-rx-1
 155:          0          0          0          0          0     742930          0          0          0          0          0          0          0          0          0          0          0          0          0          0          0          0          0          0 PCI-MSIX-0000:0b:00.0    2-edge      enp11s0-rx-2
 156:          0          0          0          0          0          0     688370          0          0          0          0          0          0          0          0          0          0          0          0          0          0          0          0          0 PCI-MSIX-0000:0b:00.0    3-edge      enp11s0-rx-3
 157:          0          0          0          0          0          0          0     800870          0          0          0          0          0          0          0          0          0          0          0          0          0          0          0          0 PCI-MSIX-0000:0b:00.0    4-edge      enp11s0-rx-4
 158:          0          0          0          0          0          0          0          0      23607          0          0          0          0          0          0          0          0          0          0          0          0          0          0          0 PCI-MSIX-0000:0c:00.0    0-edge      enp12s0-tx-0
 159:          0          0          0          0          0          0          0          0          0     160098          0          0          0          0          0          0          0          0          0          0          0          0          0          0 PCI-MSIX-0000:0c:00.0    1-edge      enp12s0-rx-1
 160:          0          0          0          0          0          0          0          0          0          0      29540          0          0          0          0          0          0          0          0          0          0          0          0          0 PCI-MSIX-0000:0c:00.0    2-edge      enp12s0-rx-2
 161:          0          0          0          0          0          0          0          0          0          0          0      12020          0          0          0          0          0          0          0          0          0          0          0          0 PCI-MSIX-0000:0c:00.0    3-edge      enp12s0-rx-3
 162:          0          0          0          0          0          0          0          0          0          0          0          0       2416          0          0          0          0          0          0          0          0          0          0          0 PCI-MSIX-0000:0c:00.0    4-edge      enp12s0-rx-4
 164:          0          0          0          0          0          0          0          0          0          0          0          0          0    5289696          0          0          0          0          0          0          0          0          0          0 PCI-MSI-0000:06:00.0    0-edge      amdgpu
 NMI:       1406       1720       1757       1776       1687       1659       1636       1667       1853       1582       1777       1467       1869       1026       1754       1460       1752       1724       1644       1619       1639       1599       1663       1584   Non-maskable interrupts
 LOC:   45732825   36758573   46602916   37272797   45236069   35268961   44391665   35097026   47156078   35017159   46134936   32701644   46743641   29937551   47252875   32093466   47066052   36605073   44944950   34039178   45206661   33781585   45118573   33299169   Local timer interrupts
 SPU:          0          0          0          0          0          0          0          0          0          0          0          0          0          0          0          0          0          0          0          0          0          0          0          0   Spurious interrupts
 PMI:       1406       1720       1757       1776       1687       1659       1636       1667       1853       1582       1777       1467       1869       1026       1754       1460       1752       1724       1644       1619       1639       1599       1663       1584   Performance monitoring interrupts
 IWI:         95         84        167         19        163         69        137         29        154         51        126         21         40       5571        411        167        313         44        240         58        230         39        122         41   IRQ work interrupts
 RTR:          5          0          0          0          0          0          0          0          0          0          0          0          0          0          0          0          0          0          0          0          0          0          0          0   APIC ICR read retries
 RES:      38261      21537      30632      19331      31473      21510      31868      20637      29136      22526      28062      22644      26308      28226      58017      54603      62954      24684      30119      20670      66685      30241      36822      28916   Rescheduling interrupts
 CAL:    9265166    2772648    1811839    1258340    1358609     995166    1189824     827787     943617     787917     970016     905264     948370     883798    1000882     663249    1050892     679992     967343     578591    1044925     621159     955919     654757   Function call interrupts
 TLB:     705633     443053     711405     468854     744499     480666     733591     472856     653815     478046     724036     500222     697337     520834     682791     454196     735495     443417     710227     437359     728617     463135     706654     460242   TLB shootdowns
 TRM:          0          0          0          0          0          0          0          0          0          0          0          0          0          0          0          0          0          0          0          0          0          0          0          0   Thermal event interrupts
 THR:          0          0          0          0          0          0          0          0          0          0          0          0          0          0          0          0          0          0          0          0          0          0          0          0   Threshold APIC interrupts
 DFR:          0          0          0          0          0          0          0          0          0          0          0          0          0          0          0          0          0          0          0          0          0          0          0          0   Deferred Error APIC interrupts
 MCE:          0          0          0          0          0          0          0          0          0          0          0          0          0          0          0          0          0          0          0          0          0          0          0          0   Machine check exceptions
 MCP:        537        538        538        538        538        538        538        538        538        538        538        538        538        538        538        538        538        538        538        538        538        538        538        538   Machine check polls
 ERR:          0
 MIS:          0
 PIN:          0          0          0          0          0          0          0          0          0          0          0          0          0          0          0          0          0          0          0          0          0          0          0          0   Posted-interrupt notification event
 NPI:          0          0          0          0          0          0          0          0          0          0          0          0          0          0          0          0          0          0          0          0          0          0          0          0   Nested posted-interrupt event
 PIW:          0          0          0          0          0          0          0          0          0          0          0          0          0          0          0          0          0          0          0          0          0          0          0          0   Posted-interrupt wakeup event
VPMI:          0          0          0          0          0          0          0          0          0          0          0          0          0          0          0          0          0          0          0          0          0          0          0          0  Perf Guest Mediated PMI
