Fri Sep  4 10:45:52 PM MDT 2026

COMMAND: cat /proc/stat
DESCRIPTION: Kernel and system statistics since boot

cpu  20871091 10007 1729755 68920042 2788 0 3735 0 0 0
cpu0 561010 209 81068 3113407 113 0 954 0 0 0
cpu1 934413 268 65062 2811123 63 0 109 0 0 0
cpu2 852845 960 80307 2875446 191 0 63 0 0 0
cpu3 950575 990 62245 2806277 95 0 263 0 0 0
cpu4 834782 431 81027 2894276 157 0 452 0 0 0
cpu5 869697 114 64921 2886268 121 0 254 0 0 0
cpu6 794656 358 80885 2934299 163 0 848 0 0 0
cpu7 965115 231 47982 2808903 57 0 574 0 0 0
cpu8 991112 173 78078 2745465 146 0 18 0 0 0
cpu9 878042 456 61940 2880728 62 0 75 0 0 0
cpu10 903181 437 80073 2830197 101 0 46 0 0 0
cpu11 787259 543 66126 2967047 80 0 14 0 0 0
cpu12 962369 340 79949 2772485 158 0 7 0 0 0
cpu13 450028 170 97355 3254874 142 0 14 0 0 0
cpu14 885911 159 81429 2844920 180 0 2 0 0 0
cpu15 802274 218 62409 2957456 60 0 7 0 0 0
cpu16 1103159 736 78037 2632953 116 0 3 0 0 0
cpu17 1134360 792 59161 2629752 104 0 1 0 0 0
cpu18 793116 403 82989 2935565 200 0 4 0 0 0
cpu19 895871 465 60925 2866484 100 0 2 0 0 0
cpu20 817606 212 83244 2911753 142 0 3 0 0 0
cpu21 892998 211 63778 2866284 50 0 3 0 0 0
cpu22 879488 650 77748 2855747 123 0 4 0 0 0
cpu23 931212 471 53007 2838323 51 0 3 0 0 0
intr 326625759 46 0 0 0 0 0 0 0 0 13369 0 0 0 0 0 0 0 0 8 0 0 0 0 696 0 0 0 0 0 0 0 0 1 0 1 0 1 1 0 0 0 0 0 0 0 0 0 0 0 0 0 0 0 0 42491 0 0 0 0 0 0 0 185 185 0 0 0 0 0 0 0 0 0 0 0 0 0 0 329 185 185 0 0 0 0 0 0 0 0 0 0 0 0 0 0 185 185 0 0 0 0 0 0 0 0 0 0 0 0 0 0 29758 16816 18385 9097 16476 8164 10429 10291 18717 24755 51796 19952 21137 13032 39488 13904 19462 5764 13646 6908 18710 15255 11904 7049 0 2 0 2 12 2 2 2 2 2 2 0 0 1267 27842 1658 0 127 282651 331388 140997 472808 342297 5340 37473 17717 2404 691 0 2186891 0 0 0 0 0 0 0 0 0 0 0 0 0 0 0 0 0 0 0 0 0 0 0 0 0 0 0 0 0 0 0 0 0 0 0 0 0 0 0 0 0 0 0 0 0 0 0 0 0 0 0 0 0 0 0 0 0 0 0 0 0 0 0 0 0 0 0 0 0 0 0 0 0 0 0 0 0 0 0 0 0 0 0 0 0 0 0 0 0 0 0 0 0 0 0 0 0 0 0 0 0 0 0 0 0 0 0 0 0 0 0 0 0 0 0 0 0 0 0 0 0 0 0 0 0 0 0 0 0 0 0 0 0 0 0 0 0 0 0 0 0 0 0 0 0 0 0 0 0 0 0 0 0 0 0 0 0 0 0 0 0 0 0 0 0 0 0 0 0 0 0 0 0 0 0 0 0 0 0 0 0 0 0 0 0 0 0 0 0 0 0 0 0 0 0 0 0 0 0 0 0 0 0 0 0 0 0 0 0 0 0 0 0 0 0 0 0 0 0 0 0 0 0 0 0 0 0 0 0 0 0 0 0 0 0 0 0 0 0 0 0 0 0 0 0 0 0 0 0 0 0 0 0 0 0 0 0 0 0 0 0 0 0 0 0 0 0 0 0 0 0 0 0 0 0 0 0 0 0 0 0 0 0 0 0 0 0 0 0 0 0 0 0 0 0 0 0 0 0 0 0 0 0 0 0 0 0 0 0 0 0 0 0 0 0 0 0 0 0 0 0 0 0 0 0 0 0 0 0 0 0 0 0 0 0 0 0 0 0 0 0 0 0 0 0 0 0 0 0 0 0 0 0 0 0 0 0 0 0 0 0 0 0 0 0 0 0 0 0 0 0 0 0 0 0 0 0 0 0 0 0 0 0 0 0 0 0 0 0 0 0 0 0 0 0 0 0 0 0 0 0 0 0 0 0 0 0 0 0 0 0 0 0 0 0 0 0 0 0 0 0 0 0 0 0 0 0 0 0 0 0 0 0 0 0 0 0 0 0 0 0 0 0 0 0 0 0 0 0 0 0 0 0 0 0 0 0 0 0 0 0 0 0 0 0 0 0 0 0 0 0 0 0 0 0 0 0 0 0 0 0 0 0 0 0 0 0 0 0 0 0 0 0 0 0 0 0 0 0 0 0 0 0 0 0 0 0 0 0 0 0 0 0 0 0 0 0 0 0 0 0 0 0 0 0 0 0 0 0 0 0 0 0 0 0 0 0 0 0 0 0 0 0 0 0 0 0 0 0 0 0 0 0 0 0 0 0 0 0 0 0 0 0 0 0 0 0 0 0 0 0 0 0 0 0 0 0 0 0 0 0 0 0 0 0 0 0 0 0 0 0 0 0 0 0 0 0 0 0 0 0 0 0 0 0 0 0 0 0 0 0 0 0 0 0 0 0 0 0 0 0 0 0 0 0 0 0 0 0 0 0 0 0 0 0 0 0 0 0 0 0 0 0 0 0 0 0 0 0 0 0 0 0 0 0 0 0 0 0 0 0 0 0 0 0 0 0 0 0 0 0 0 0 0 0 0 0 0 0 0 0 0 0 0 0 0 0 0 0 0 0 0 0 0 0 0 0 0 0 0 0 0 0 0 0 0 0 0 0 0 0 0 0 0 0 0 0 0 0 0 0 0 0 0 0 0 0 0 0 0 0 0 0 0 0 0 0 0 0 0 0 0 0 0 0 0 0 0 0 0 0 0 0 0 0 0 0 0 0 0 0 0 0 0 0 0 0 0 0 0 0 0 0 0 0 0 0 0 0 0 0 0 0 0 0 0 0 0 0 0 0 0 0 0 0 0 0 0 0 0 0 0 0 0 0 0 0 0 0 0 0 0 0 0 0 0 0 0 0 0 0 0 0 0 0 0 0 0 0 0 0 0 0 0 0 0 0 0 0 0 0 0 0 0 0 0 0 0 0 0 0 0 0 0 0 0 0 0 0
ctxt 174595280
btime 1788545238
processes 1546112
procs_running 28
procs_blocked 0
softirq 144276938 42491 8639020 702 1614155 10219 0 37708 43925667 5442 90001534
