Thu Sep  3 15:49:24 MDT 2026

COMMAND: cat /proc/stat
DESCRIPTION: Kernel and system statistics since boot

cpu  32816 0 98841 530331988 15035 0 65681 0 0 0
cpu0 1768 0 6955 26496789 2900 0 61987 0 0 0
cpu1 751 0 2534 26520103 2489 0 1578 0 0 0
cpu2 3126 0 11088 26508457 797 0 260 0 0 0
cpu3 1724 0 2827 26518096 2699 0 827 0 0 0
cpu4 1853 0 6310 26514119 1595 0 193 0 0 0
cpu5 1032 0 3841 26520202 272 0 102 0 0 0
cpu6 2140 0 6603 26513460 447 0 12 0 0 0
cpu7 1262 0 3967 26519658 76 0 132 0 0 0
cpu8 1862 0 6277 26515285 407 0 4 0 0 0
cpu9 1108 0 3574 26520772 141 0 42 0 0 0
cpu10 1873 0 6620 26516128 292 0 6 0 0 0
cpu11 1004 0 3220 26521407 43 0 4 0 0 0
cpu12 1768 0 5814 26516809 355 0 1 0 0 0
cpu13 959 0 2937 26521740 174 0 27 0 0 0
cpu14 2166 0 5464 26514861 839 0 373 0 0 0
cpu15 1404 0 2979 26520925 247 0 8 0 0 0
cpu16 2172 0 6085 26515733 357 0 0 0 0 0
cpu17 1747 0 2930 26520266 51 0 116 0 0 0
cpu18 1872 0 5512 26516597 388 0 0 0 0 0
cpu19 1221 0 3297 26520573 458 0 1 0 0 0
intr 91614207 0 0 0 0 0 0 0 0 0 0 0 0 0 0 0 0 0 0 0 0 0 0 0 0 1 1448 1 1 16 0 0 0 0 0 0 0 0 0 0 0 0 0 0 0 0 0 0 0 0 0 0 0 0 0 0 0 0 0 0 0 0 0 0 0 0 0 0 0 0 0 0 0 0 0 0 0 0 0 0 0 0 0 0 0 0 0 0 0 0 0 0 0 0 0 0 0 0 0 0 0 0 0 0 0 0 0 0 0 0 0 0 0 0 0 0 0 0 0 0 0 0 0 0 0 0 0 0 0 0 0 0 0 0 0 0 0 0 0 0 0 0 0 0 0 0 0 0 0 0 0 0 0 0 0 0 0 0 0 0 0 0 0 0 0 0 0 0 0 0 0 0 0 0 0 0 0 0 0 0 0 0 0 0 0 0 0 0 0 0 0 0 0 0 0 0 0 0 0 0 0 0 0 0 0 0 0 0 0 0 0 0 0 0 0 0 0 0 0 0 0 0 0 0 0 0 0 0 0 0 0 0 0 0 0 0 0 0 0 0 0 0 0 0 0 0 0 0 0 0 0 0 0 0 0 0 0 0 0 0 0 0 0 0 0 0 0 0 0 0 0 0 0 0 0 0 0 0 0 0 0 0 0 0 0 0 0 0 0 0 0 0 0 0 0 0 0 0 0 0 0 0 0 0 0 0 0 0 0 0 0 0 0 0 0 0 0 0 0 0 0 0 0 0 0 0 0 0 0 0 0 0 0 0 0 0 0 0 0 0 0 0 0 0 0 0 0 0 0 0 0 0 0 0 0 0 0 0 0 0 0 0 0 0 0 0 0 0 0 0 0 0 0 0 0 0 0 0 0 0 0 0 0 0 0 0 0 0 0 0 0 0 0 0 0 0 0 0 0 0 0 0 0 0 0 0 0 0 0 0 0 0 0 0 0 0 0 0 0 0 0 0 0 0 0 0 0 0 0 0 0 0 0 0 0 0 0 0 0 0 0 0 0 0 0 0 0 0 0 0 0 0 0 0 0 0 0 0 0 0 0 0 0 0 0 0 0 0 0 0 0 0 0 0 0 0 0 0 0 0 0 0 0 0 0 0 0 0 0 0 0 0 0 0 0 0 0 0 0 0 0 0 0 0 0 0 0 0 0 0 0 0 0 0 0 0 0 0 0 0 0 0 0 0 0 0 0 0 0 0 0 0 0 0 0 0 0 0 0 0 0 0 0 0 0 0 0 0 0 0 0 0 0 0 0 0 0 0 0 0 0 0 0 0 0 0 0 0 0 0 0 0 0 0 0 0 0 0 0 0 0 0 0 0 0
ctxt 85246501
btime 1788206890
processes 852027
procs_running 9
procs_blocked 0
softirq 72923932 0 7867357 3 687247 0 0 15377185 26939721 646 22051773
