Sun Aug 30 10:24:20 PM MDT 2026

COMMAND: cat /proc/stat
DESCRIPTION: Kernel and system statistics since boot

cpu  257406 8965 110578 11324162 45431 0 2092 0 0 0
cpu0 19560 835 8504 944979 1363 0 363 0 0 0
cpu1 20880 996 8629 947047 1058 0 278 0 0 0
cpu2 24436 913 8880 943150 2076 0 144 0 0 0
cpu3 27573 969 8986 941116 1047 0 57 0 0 0
cpu4 22499 1241 8973 931911 14243 0 427 0 0 0
cpu5 23549 802 10438 934738 10019 0 153 0 0 0
cpu6 24400 367 9319 938673 7023 0 24 0 0 0
cpu7 20690 658 8749 947458 2447 0 15 0 0 0
cpu8 19480 812 7070 950995 1901 0 16 0 0 0
cpu9 14743 596 13198 945441 2184 0 231 0 0 0
cpu10 19800 447 9560 949239 466 0 87 0 0 0
cpu11 19791 324 8267 949409 1598 0 292 0 0 0
intr 22956837 0 0 0 0 0 0 0 0 0 41 0 0 0 0 0 0 7 0 0 0 262 0 0 0 0 0 0 1 1 1 1 0 0 0 0 20698 0 0 0 0 0 0 0 0 0 0 0 0 0 0 0 0 0 0 0 0 0 0 0 197 198 0 0 0 0 0 0 0 0 0 0 0 0 0 0 1198970 196 196 0 0 0 0 0 0 0 0 0 0 0 0 0 0 53 155903 370421 223578 315426 151675 89476 181008 148434 2 0 1274619 1687 0 0 0 0 0 0 0 0 0 0 0 0 0 0 0 0 0 0 0 0 0 0 0 0 0 0 0 0 0 0 0 0 0 0 0 0 0 0 0 0 0 0 0 0 0 0 0 0 0 0 0 0 0 0 0 0 0 0 0 0 0 0 0 0 0 0 0 0 0 0 0 0 0 0 0 0 0 0 0 0 0 0 0 0 0 0 0 0 0 0 0 0 0 0 0 0 0 0 0 0 0 0 0 0 0 0 0 0 0 0 0 0 0 0 0 0 0 0 0 0 0 0 0 0 0 0 0 0 0 0 0 0 0 0 0 0 0 0 0 0 0 0 0 0 0 0 0 0 0 0 0 0 0 0 0 0 0 0 0 0 0 0 0 0 0 0 0 0 0 0 0 0 0 0 0 0 0 0 0 0 0 0 0 0 0 0 0 0 0 0 0 0 0 0 0 0 0 0 0 0 0 0 0 0 0 0 0 0 0 0 0 0 0 0 0 0 0 0 0 0 0 0 0 0 0 0 0 0 0 0 0 0 0 0 0 0 0 0 0 0 0 0 0 0 0 0 0 0 0 0 0 0 0 0 0 0 0 0 0 0 0 0 0 0 0 0 0 0 0 0 0 0 0 0 0 0 0 0 0 0 0 0 0 0 0 0 0 0 0 0 0 0 0 0 0 0 0 0 0 0 0 0 0 0 0 0 0 0 0 0 0 0 0 0 0 0 0 0 0 0 0 0 0 0 0 0 0 0 0 0 0 0 0 0 0 0 0 0 0 0 0 0 0 0 0 0 0 0 0 0 0 0 0 0 0 0 0 0 0 0 0 0 0 0 0 0 0 0 0 0 0 0 0 0 0 0 0 0 0 0 0 0 0 0 0 0 0 0 0 0 0 0 0 0 0 0 0 0 0 0 0 0 0 0 0 0 0 0 0 0 0 0 0 0 0
ctxt 38491647
btime 1788140423
processes 49623
procs_running 2
procs_blocked 0
softirq 12925446 1373754 1560194 36 1637709 1196124 0 18278 5664225 8247 1466879
